n° observation,phase,AX Vel from a,AX Vel from b,AX Vel from c,AX Vel from d,HD 68395 from b,HD 68395 from c,HD 68395 from d
1,0.00024682881849003024,8.27673812690613,8.325740672981834,8.231569502450357,8.318118858639142,8.149002546075705,8.054831375544229,8.141380731733014
1,0.00024682881849003024,8.302046480839847,8.308210160781096,8.223542053306623,8.283837946990266,8.106163679941249,8.021495572466776,8.081791466150419
1,0.00024682881849003024,8.306225643047203,8.293732840266921,8.215016783337079,8.289646841528818,8.087507197219718,8.008791140289878,8.083421198481615
1,0.00024682881849003024,8.19467985507185,8.253517645958768,8.210146443328608,8.283902058292497,8.158837790886917,8.115466588256757,8.189222203220647
1,0.00024682881849003024,8.303293891089039,8.334824830791966,8.238111163443058,8.329748066712929,8.131530939702927,8.034817272354019,8.12645417562389
1,0.00024682881849003024,8.304610329775974,8.322619167354564,8.226496632740682,8.309263648948033,8.11800883757859,8.021886302964708,8.104653319172058
1,0.00024682881849003024,8.285915835602557,8.31579266531975,8.2080750045073,8.289772771286678,8.129876829717192,8.022159168904743,8.103856935684119
1,0.0006324985970422858,8.304976301324439,8.319892547350808,8.212617349144951,8.28720624636996,8.114916246026366,8.00764104782051,8.082229945045519
1,0.0006324985970422858,8.188882029593799,8.291421030439713,8.178895999771951,8.278606785793693,8.202539000845912,8.090013970178152,8.189724756199894
1,0.0006324985970422858,8.278013573945808,8.306616894908327,8.21641567716541,8.2927700187266,8.128603320962519,8.038402103219601,8.114756444780792
2,0.36924151461244037,7.459060047731784,8.335006025349422,8.678550577499617,7.062516308846739,8.975945977617636,9.319490529767833,7.703456261114955
2,0.36924151461244037,7.577602767132646,8.366508699502168,8.798032686384044,7.8221970444587186,8.888905932369521,9.320429919251398,8.344594277326072
2,0.36924151461244037,7.486205811093458,8.307004718049335,8.730536878688063,7.558061195023848,8.920798906955877,9.344331067594606,8.171855383930389
2,0.3696271845710726,7.530358823150642,8.270664200670844,8.685493482567445,7.590301580847472,8.8403053775202,9.255134659416802,8.159942757696829
2,0.3696271845710726,7.589326231614454,8.387761286455376,8.780454628193741,7.765183300015361,8.898435054840922,9.291128396579287,8.275857068400907
2,0.3696271845710726,7.423784920849515,8.383010439314095,8.768499373638019,7.775699646101279,9.05922551846458,9.444714452788503,8.451914725251763
2,0.3696271845710726,7.704663696441104,8.397002401103034,8.648299661479228,7.746246571900451,8.79233870466193,9.043635965038124,8.141582875459346
2,0.3696271845710726,7.253406893056409,8.26021945615736,8.59065947929814,7.197070689201714,9.10681256310095,9.43725258624173,8.043663796145305
2,0.3696271845710726,7.636980516068968,8.145792538128479,8.679931282512417,7.1005084442850706,8.60881202205951,9.142950766443448,7.563527928216102
2,0.3700128545297048,7.611744672973192,8.209915330097312,8.713904453209098,7.750773938578039,8.69817065712412,9.202159780235906,8.239029265604847
3,0.5004113170434721,8.0506946991281,8.112016925846563,8.027956351391284,8.100590829398808,8.161322226718463,8.077261652263184,8.149896130270706
3,0.5004113170434721,8.073712655564993,8.09345679982216,8.016287664398687,8.071662711654692,8.119744144257167,8.042575008833694,8.097950056089699
3,0.5004113170434721,8.085632287032789,8.110683140250194,8.022085523994038,8.064540069402366,8.125050853217402,8.036453236961249,8.078907782369576
3,0.5004113170434721,7.9782226873909625,7.987108750895223,7.9288935447876945,7.975369905685536,8.10888606350426,8.050670857396732,8.097147218294573
3,0.5004113170434721,7.991928712834229,8.015344764611456,7.920588127374072,7.992582597035881,8.123416051777227,8.028659414539844,8.100653884201652
3,0.5007969868220243,8.046017208607159,8.071689266330308,8.005915507842223,8.049778650146706,8.125672057723149,8.059898299235064,8.103761441539547
3,0.5007969868220243,7.978933999507978,8.011926120196586,7.9319868519609775,7.985246361385922,8.132992120688607,8.053052852453,8.106312361877944
3,0.5007969868220243,8.011210361587443,8.050216358384292,7.96543450469754,8.03784720653006,8.139005996796849,8.054224143110096,8.126636844942615
3,0.5007969868220243,8.003094701276314,8.000615300078566,7.89007136816391,7.969381288385173,8.09752059880225,7.986976666887594,8.066286587108857
3,0.5007969868220243,7.99213084980198,7.997922375786133,7.920016746544552,7.986841115220966,8.105791525984152,8.027885896742571,8.094710265418986
4,0.8768251345891258,8.256351615683736,8.31083180066657,8.254292373706198,8.29011717417599,8.154480184982832,8.097940758022462,8.133765558492252
4,0.8768251345891258,8.298324376194282,8.321696817469908,8.251996182870196,8.283080065859025,8.123372441275627,8.053671806675915,8.084755689664743
4,0.8768251345891258,8.211579666253511,8.304982642983408,8.238732651890285,8.269567129601503,8.193402976729896,8.127152985636773,8.157987463347993
4,0.877210804547758,8.195334856557976,8.354217238546529,8.284291668810043,8.328665032066382,8.258882381988554,8.188956812252068,8.233330175508407
4,0.877210804547758,8.30071829273718,8.320253956448962,8.240924299132445,8.285227305321813,8.11953566371178,8.040206006395263,8.084509012584633
4,0.877210804547758,8.296354627248276,8.301800550021554,8.230606720340848,8.290679181777953,8.105445922773278,8.034252093092572,8.094324554529678
4,0.877210804547758,8.262792134035294,8.3095788802955,8.229253719513546,8.27660243636956,8.146786746260208,8.066461585478251,8.113810302334267
4,0.8775964743263103,8.255901182065559,8.339109019626925,8.255720484659037,8.292195886184764,8.183207837561365,8.099819302593477,8.136294704119205
4,0.8775964743263103,8.257118619576122,8.329192172420498,8.252419642401925,8.304333424065517,8.172073552844378,8.095301022825803,8.147214804489394
4,0.8775964743263103,8.263918928761212,8.332777568443895,8.249201113552303,8.306379459664152,8.168858639682682,8.085282184791089,8.14246053090294
5,0.2516962726613201,8.335291648113758,8.369032287437674,8.292330628197064,8.33316836949775,8.133740639323914,8.057038980083304,8.097876721383992
5,0.2516962726613201,8.317408669727714,8.3400967269385,8.272096591292069,8.307724350077578,8.122688057210786,8.054687921564355,8.090315680349866
5,0.2516962726613201,8.31784676868491,8.349837257969504,8.27035164827518,8.337385591049305,8.131990489284593,8.05250487959027,8.119538822364394
5,0.2516962726613201,8.294687295784398,8.304446169945702,8.28008537218392,8.337224495900976,8.109758874161304,8.085398076399523,8.142537200116578
5,0.2516962726613201,8.296908081103602,8.34471406996575,8.300399001389142,8.32767690540799,8.147805988862148,8.103490920285541,8.13076882430439
5,0.2516962726613201,8.306521574814626,8.282716559935984,8.28072051685788,8.338228017712522,8.07619498512136,8.074198942043253,8.131706442897896
5,0.2516962726613201,8.32924249207271,8.33697833526405,8.2954698066435,8.34475627410989,8.107735843191339,8.066227314570787,8.11551378203718
5,0.2520819426199523,8.318221026994843,8.331215582212318,8.270702942892132,8.334123358010503,8.112994555217476,8.052481915897289,8.11590233101566
5,0.2520819426199523,8.352704049426944,8.360045184054737,8.291388144512272,8.350819704600573,8.107341134627793,8.038684095085326,8.098115655173629
5,0.2520819426199523,8.337092858797543,8.365821810682284,8.29622349953977,8.345893005232389,8.12872895188474,8.059130640742227,8.108800146434845
6,0.6350521483800549,8.175649474892705,8.18001033669065,8.108297999112711,8.153479688354375,8.104360861797945,8.032648524220006,8.07783021346167
6,0.6350521483800549,8.161212559730869,8.168774365686549,8.109386637159592,8.160580240540062,8.10756180595568,8.048174077428722,8.099367680809193
6,0.6350521483800549,8.167248552441144,8.186017010235282,8.131678866435433,8.15889842365549,8.118768457794138,8.064430313994288,8.091649871214345
6,0.6354378183386871,8.204823523101506,8.176848523656046,8.148331036343565,8.188681892161068,8.07202500055454,8.04350751324206,8.083858369059563
6,0.6354378183386871,8.17334033968525,8.175179522116636,8.10312654835857,8.169877769122808,8.101839182431386,8.02978620867332,8.096537429437557
6,0.6354378183386871,8.205787942149307,8.237415337541073,8.145737714046478,8.201192122787607,8.131627395391765,8.039949771897168,8.0954041806383
6,0.6354378183386871,8.17444193537014,8.181856132562185,8.138337303496607,8.174927805013853,8.107414197192044,8.063895368126467,8.100485869643713
6,0.6354378183386871,8.207339700659086,8.249495627010017,8.139874026788961,8.200633031013046,8.14215592635093,8.032534326129875,8.09329333035396
6,0.6358234882973193,8.205691438866436,8.204628081109776,8.13817471507026,8.193591879277243,8.09893664224334,8.032483276203823,8.087900440410806
6,0.6358234882973193,8.185017798886134,8.221945597453793,8.127449720348281,8.172238728113077,8.136927798567656,8.042431921462144,8.087220929226943
7,0.37099438430141163,8.23242780295745,8.200854237915548,8.138530676048513,8.177779698712513,8.068426434958097,8.006102873091061,8.045351895755061
7,0.3721513939972283,8.202506176598483,8.2152560235445,8.190651472192203,8.228198040488156,8.112749846946016,8.08814529559372,8.125691863889672
7,0.3721513939972283,8.186997972492193,8.219951448497783,8.137686396625925,8.183619000975023,8.13295347600559,8.050688424133732,8.09662102848283
7,0.3721513939972283,8.226260835205048,8.243592234315164,8.177717748674372,8.207925562123362,8.117331399110116,8.051456913469323,8.081664726918314
7,0.3725370639558605,8.243266614188327,8.20890071545066,8.159347033888798,8.196097932384315,8.065634101262331,8.016080419700469,8.052831318195988
7,0.3725370639558605,8.20277543239245,8.239460041828856,8.171582135228238,8.183179888394799,8.136684609436406,8.068806702835788,8.08040445600235
7,0.3725370639558605,8.200295183046867,8.220548932957652,8.149078224989031,8.175394894139272,8.120253749910784,8.048783041942166,8.075099711092404
7,0.3725370639558605,8.221770853018212,8.257283265695373,8.180146063054428,8.222986048328735,8.13551241267716,8.058375210036216,8.101215195310523
7,0.3725370639558605,8.180842441400374,8.198299400479158,8.114075402849014,8.171024360301145,8.117456959078785,8.033232961448642,8.09018191890077
7,0.37292273373441276,8.184804358330288,8.222882920845528,8.161567242681324,8.203661868774304,8.13807856251524,8.076762884351036,8.118857510444018
8,0.1276787184388013,8.271239870886426,8.308985694656823,8.235320175678504,8.298946217491828,8.137745823770398,8.06408030479208,8.127706346605404
8,0.1276787184388013,8.276446317517212,8.260494817678413,8.185984460894417,8.23943739571011,8.0840485001612,8.009538143377204,8.062991078192898
8,0.1276787184388013,8.255034054845153,8.222210263999793,8.16193793601562,8.203748065074512,8.06717620915464,8.006903881170468,8.048714010229359
8,0.1276787184388013,8.273954737222947,8.293650549759906,8.206856104407946,8.263540779209643,8.119695812536959,8.032901367184998,8.089586041986696
8,0.1276787184388013,8.293280135489258,8.234688432349254,8.199231588938462,8.250930975429617,8.041408296859995,8.005951453449201,8.057650839940356
8,0.1276787184388013,8.28338711371613,8.311146959086964,8.214741547811666,8.282473163405218,8.127759845370834,8.031354434095537,8.099086049689088
8,0.1276787184388013,8.266618839309931,8.334253953540014,8.227226723312631,8.277318198901193,8.167635114230082,8.060607884002698,8.11069935959126
8,0.1280643883974335,8.232202817484803,8.22537288532403,8.183246316827612,8.194770632537798,8.093170067839225,8.051043499342809,8.062567815052995
8,0.1280643883974335,8.266501191612209,8.287396427839946,8.188505643510643,8.25987328843683,8.120895236227737,8.022004451898434,8.093372096824622
8,0.1280643883974335,8.227130287667704,8.20882716161973,8.200843629124423,8.178365729082765,8.081696873952026,8.073713341456719,8.051235441415061
