HJD (-2443000),V [mag]
875.9785,8.0670
875.9839,8.0610
876.0110,8.0770
876.0229,8.0810
876.9783,8.4120
876.9902,8.3990
877.9772,8.1810
877.9867,8.1810
877.9941,8.1710
878.0006,8.1560
878.0069,8.1480
878.0125,8.1450
878.0227,8.1360
878.0374,8.1470
878.0462,8.1490
878.0532,8.1400
878.0591,8.1310
878.0661,8.1200
878.0717,8.1250
878.0776,8.1210
878.0832,8.1080
878.0895,8.1050
878.0947,8.1000
878.1008,8.0950
878.1072,8.0970
878.1133,8.0840
878.1368,8.8770
878.1424,8.0590
878.1482,8.0680
878.1540,8.0590
878.2174,8.0240
878.2228,8.0370
878.9662,8.1190
878.9738,8.1140
878.9808,8.1190
878.9863,8.1250
878.9963,8.1140
879.0026,8.1230
879.0090,8.1160
879.0145,8.1330
879.0204,8.1330
879.0261,8.1330
879.0393,8.1330
879.0455,8.1330
879.0509,8.1310
879.0561,8.1420
879.0613,8.1440
879.0662,8.1480
879.0715,8.1430
879.0764,8.1340
879.0814,8.1490
879.0865,8.1390
879.0922,8.1530
879.0977,8.1460
879.1031,8.1650
879.1084,8.1530
879.1140,8.1630
879.1221,8.1560
879.1281,8.1640
879.1337,8.1730
879.2002,8.1850
879.2068,8.1810
879.2125,8.1800
879.2180,8.1830
879.2239,8.2010
879.9669,8.3290
879.9743,8.3280
879.9817,8.3420
879.9873,8.3550
879.9925,8.3370
879.9981,8.3410
880.0032,8.3420
880.0081,8.3260
880.0137,8.3430
880.0190,8.3520
880.0241,8.3560
880.0294,8.3470
880.0338,8.3410
880.0425,8.3320
880.0481,8.3370
880.0527,8.3450
880.0588,8.3420
880.0635,8.3400
880.0684,8.3350
880.0730,8.3330
880.0779,8.3410
880.0837,8.3400
880.0888,8.3260
880.1081,8.3330
880.1163,8.3340
881.0567,8.1720
881.0615,8.2000
881.0663,8.1780
881.0710,8.1870
881.0755,8.1810
881.0868,8.1750
881.0922,8.1830
881.0966,8.1870
881.1017,8.1650
881.1066,8.1660
881.1113,8.1710
881.1156,8.1850
881.1207,8.1820
881.1251,8.1760
881.1291,8.1800
881.1333,8.1810
881.1376,8.1780
881.1420,8.1770
881.1466,8.1580
881.1539,8.1720
906.0478,8.3580
906.0520,8.3610
906.0589,8.3530
906.0636,8.3550
906.0687,8.3530
906.0735,8.3560
906.0787,8.3660
906.0830,8.3620
906.0880,8.3550
906.0940,8.3600
882.0086,8.2860
882.0138,8.2810
882.0201,8.2960
882.0254,8.2890
882.0335,8.2970
882.0395,8.2850
882.0460,8.3020
882.0523,8.2960
882.0585,8.2960
882.0723,8.2860
882.0774,8.2960
882.0819,8.2940
882.1009,8.2890
882.1051,8.3040
882.1091,8.3010
882.1135,8.2980
882.1178,8.2930
882.1222,8.3020
882.1269,8.2870
882.1317,8.2890
906.9934,8.1610
907.0000,8.1630
907.0044,8.1540
907.0091,8.1500
907.0137,8.1490
907.0182,8.1500
907.0279,8.1500
907.0335,8.1610
907.0381,8.1540
907.0426,8.1520
905.2198,8.2330
905.2250,8.2510
905.2295,8.2240
905.2341,8.2270
905.2387,8.2440
905.2435,8.2460
905.9574,8.3570
905.9627,8.3650
905.9783,8.3720
905.9830,8.3690
905.9889,8.3670
905.9957,8.3530
906.0025,8.3650
906.0068,8.3760
906.0137,8.3640
906.0181,8.3670
906.0225,8.3650
906.0266,8.3640
906.0358,8.3600
906.0399,8.3560
912.0922,7.9450
912.1019,7.9430
912.1066,7.9450
912.1116,7.9520
912.1165,7.9530
912.1216,7.9520
912.1334,7.9550
912.1385,7.9640
912.1435,7.9640
912.1484,7.9690
878.1601,8.0670
878.1666,8.0640
878.1729,8.0630
878.1795,8.0650
878.1845,8.0550
878.1899,8.0550
878.1955,8.0520
878.2013,8.0480
878.2066,8.0440
878.2121,8.0320
880.1723,8.3250
880.1778,8.3300
880.1843,8.3250
880.1908,8.3130
880.1955,8.3160
880.2007,8.3190
880.2053,8.3280
880.2105,8.3260
880.2160,8.3240
880.2208,8.3230
880.2255,8.3070
880.9653,8.2010
880.9707,8.1840
880.9773,8.1870
880.9834,8.1870
880.9898,8.2000
880.9946,8.1990
881.0001,8.1890
881.0073,8.1940
881.0132,8.1770
881.0182,8.1770
881.0236,8.1820
881.0288,8.1780
881.0339,8.1820
881.0522,8.1830
879.1389,8.1800
879.1444,8.1780
879.1505,8.1880
879.1563,8.1800
879.1621,8.1790
879.1713,8.1900
879.1771,8.1860
879.1831,8.1710
879.1890,8.1860
879.1942,8.1890
881.1584,8.1720
881.1627,8.1640
881.1674,8.1820
881.1721,8.1680
881.1768,8.1600
881.1813,8.1800
881.1869,8.1770
881.1920,8.1840
881.1965,8.1700
881.2008,8.1710
881.2053,8.1720
881.2093,8.1770
881.2138,8.1650
881.2184,8.1830
881.2228,8.1720
881.9583,8.2840
881.9634,8.2870
881.9691,8.2880
881.9742,8.2860
981.9812,8.2790
881.9856,8.2910
881.9903,8.2900
881.9946,8.2890
881.9993,8.2870
882.0041,8.2880
880.1210,8.3410
880.1264,8.3410
880.1312,8.3300
880.1365,8.3290
880.1415,8.3320
880.1464,8.3420
880.1513,8.3190
880.1565,8.3350
880.1060,8.3250
880.1666,8.3280
882.1361,8.3060
882.1409,8.2920
882.1462,8.3110
882.1514,8.2980
882.1562,8.2960
882.1608,8.2990
882.1656,8.2870
882.1703,8.2970
882.1756,8.2920
882.1806,8.2930
882.1855,8.2810
882.1911,8.2940
882.1962,8.2980
882.2019,8.2880
882.2060,8.2870
882.2120,8.2920
882.2171,8.2940
882.2219,8.2930
882.2266,8.3010
905.1887,8.2360
905.1947,8.2440
905.1988,8.2340
905.2040,8.2200
905.2095,8.2400
905.2151,8.2380
906.0989,8.3500
906.1089,8.3450
906.1262,8.3670
906.1335,8.3530
906.1378,8.3430
906.1423,8.3410
906.1473,8.3460
906.1527,8.3500
906.1582,8.3380
906.1624,8.3350
906.1671,8.3530
906.1718,8.3420
906.1797,8.3380
906.1846,8.3340
906.1893,8.3380
906.1942,8.3410
906.1993,8.3370
906.2047,8.3400
906.2102,8.3450
906.2150,8.3400
906.2198,8.3290
906.2244,8.3340
906.2296,8.3300
906.2352,8.3180
906.2397,8.3290
906.2449,8.3190
906.9508,8.1540
906.9558,8.1760
906.9609,8.1700
906.9656,8.1720
906.9714,8.1720
906.9755,8.1670
906.9800,8.1690
906.9849,8.1750
906.9894,8.1610
907.0506,8.1530
907.0584,8.1500
907.0629,8.1500
907.0680,8.1490
907.0738,8.1510
907.0791,8.1520
907.0841,8.1540
907.0945,8.1570
907.0996,8.1580
907.1044,8.1530
907.1109,8.1490
907.1229,8.1550
907.1283,8.1520
907.1342,8.1460
907.1391,8.1430
907.1456,8.1380
907.1507,8.1440
907.1564,8.1390
907.1641,8.1360
907.1693,8.1370
907.1742,8.1410
907.1795,8.1490
907.1846,8.1500
907.1903,8.1560
907.1966,8.1580
907.2015,8.1410
907.2065,8.1500
907.2117,8.1390
907.2169,8.1380
907.2233,8.1330
907.2287,8.1340
907.2353,8.1500
912.0766,7.9420
912.0812,7.9440
912.0868,7.9420
912.1536,7.9570
912.1605,7.9620
912.1689,7.9770
912.1745,7.9680
912.2004,7.9800
912.2063,7.9790
912.2127,7.9890
912.2171,7.9860
912.2216,7.9820
912.2260,7.9890
912.2306,7.9880
912.2369,7.9940
914.1593,8.3110
914.1677,8.3130
914.1760,8.3050
916.0949,8.2750
916.0983,8.2750
916.1039,8.2730
916.9393,8.1710
916.9442,8.1730
916.9490,8.1910
917.0463,8.1600
917.0511,8.1630
917.9372,8.2690
917.9456,8.2710
917.9511,8.2690
917.9560,8.2720
920.9421,8.3830
920.9463,8.3890
920.9504,8.3890
920.9553,8.3880
921.0997,8.4210
921.1060,8.4220
921.1108,8.4280
921.1164,8.4320
